,job0,job1,job2,job3,job4,job5,job6,job7,job8,job9,job10
job0,0,0,0,0,0,0,0,0,0,0,0
job1,0,0,66,66,60,96,86,88,78,68,96
job2,0,66,0,77,77,64,72,85,76,91,76
job3,0,66,77,0,84,77,70,88,84,88,84
job4,0,60,77,84,0,83,79,76,82,94,69
job5,0,96,64,77,83,0,73,66,95,66,71
job6,0,86,72,70,79,73,0,96,94,92,99
job7,0,88,85,88,76,66,96,0,68,66,65
job8,0,78,76,84,82,95,94,68,0,92,80
job9,0,68,91,88,94,66,92,66,92,0,62
job10,0,96,76,84,69,71,99,65,80,62,0